Observing DRAO_transit_az_el
observing at a fixed azimuth and elevation 
station_positions [[-2059666.914945, -3621225.951266, 4814123.619458]] 

start and end times 5016902100.0 5016989100.0 
reference time for rel_time=0: year month day hr min sec 2017 11 9 0 0 0.0 
observing at azimuth and elevation 0.0 4.71844785466e-16 

data for station station-number_36  at position [-2059666.914945, -3621225.951266, 4814123.619458]
seq  rel_time time_width El         Az         STEC           RM (rad/m2)   VTEC factor  
0 : 0 -300.0 300.0 4.71844785466e-16 0.0 14.4506347717 0.460852922983 0.356612214633
1 : 0 0.0 300.0 4.71844785466e-16 0.0 13.7089370244 0.437193651788 0.356612214633
2 : 0 300.0 300.0 4.71844785466e-16 0.0 13.4536168171 0.429051198903 0.356612214633
3 : 0 600.0 300.0 4.71844785466e-16 0.0 13.1982965755 0.420908744927 0.356612214633
4 : 0 900.0 300.0 4.71844785466e-16 0.0 12.9429763682 0.412766292043 0.356612214633
5 : 0 1200.0 300.0 4.71844785466e-16 0.0 12.6876561267 0.404623838067 0.356612214633
6 : 0 1500.0 300.0 4.71844785466e-16 0.0 12.4323359193 0.396481385183 0.356612214633
7 : 0 1800.0 300.0 4.71844785466e-16 0.0 12.1770156778 0.388338931207 0.356612214633
8 : 0 2100.0 300.0 4.71844785466e-16 0.0 11.9216954705 0.380196478322 0.356612214633
9 : 0 2400.0 300.0 4.71844785466e-16 0.0 11.6663752289 0.372054024346 0.356612214633
10 : 0 2700.0 300.0 4.71844785466e-16 0.0 11.4110550216 0.363911571462 0.356612214633
11 : 0 3000.0 300.0 4.71844785466e-16 0.0 11.1557348143 0.355769118578 0.356612214633
12 : 0 3300.0 300.0 4.71844785466e-16 0.0 10.9004145727 0.347626664602 0.356612214633
13 : 0 3600.0 300.0 4.71844785466e-16 0.0 10.6450943654 0.339484211718 0.356612214633
14 : 0 3900.0 300.0 4.71844785466e-16 0.0 10.4625678006 0.333663231196 0.356612214633
15 : 0 4200.0 300.0 4.71844785466e-16 0.0 10.2800412636 0.327842251559 0.356612214633
16 : 0 4500.0 300.0 4.71844785466e-16 0.0 10.0975147021 0.322021271142 0.356612214633
17 : 0 4800.0 300.0 4.71844785466e-16 0.0 9.91498816514 0.316200291505 0.356612214633
18 : 0 5100.0 300.0 4.71844785466e-16 0.0 9.73246160365 0.310379311088 0.356612214633
19 : 0 5400.0 300.0 4.71844785466e-16 0.0 9.54993506665 0.304558331451 0.356612214633
20 : 0 5700.0 300.0 4.71844785466e-16 0.0 9.36740852964 0.298737351814 0.356612214633
21 : 0 6000.0 300.0 4.71844785466e-16 0.0 9.18488196815 0.292916371396 0.356612214633
22 : 0 6300.0 300.0 4.71844785466e-16 0.0 9.00235543115 0.287095391759 0.356612214633
23 : 0 6600.0 300.0 4.71844785466e-16 0.0 8.81982886966 0.281274411342 0.356612214633
24 : 0 6900.0 300.0 4.71844785466e-16 0.0 8.63730233265 0.275453431705 0.356612214633
25 : 0 7200.0 300.0 4.71844785466e-16 0.0 8.45477577848 0.269632451521 0.356612214633
26 : 0 7500.0 300.0 4.71844785466e-16 0.0 8.43569299069 0.269023879633 0.356612214633
27 : 0 7800.0 300.0 4.71844785466e-16 0.0 8.41661020035 0.268415307664 0.356612214633
28 : 0 8100.0 300.0 4.71844785466e-16 0.0 8.39752741256 0.267806735777 0.356612214633
29 : 0 8400.0 300.0 4.71844785466e-16 0.0 8.37844462478 0.26719816389 0.356612214633
30 : 0 8700.0 300.0 4.71844785466e-16 0.0 8.35936183443 0.266589591921 0.356612214633
31 : 0 9000.0 300.0 4.71844785466e-16 0.0 8.34027904665 0.265981020033 0.356612214633
32 : 0 9300.0 300.0 4.71844785466e-16 0.0 8.3211962563 0.265372448065 0.356612214633
33 : 0 9600.0 300.0 4.71844785466e-16 0.0 8.30211346852 0.264763876177 0.356612214633
34 : 0 9900.0 300.0 4.71844785466e-16 0.0 8.28303067817 0.264155304208 0.356612214633
35 : 0 10200.0 300.0 4.71844785466e-16 0.0 8.26394789039 0.263546732321 0.356612214633
36 : 0 10500.0 300.0 4.71844785466e-16 0.0 8.24486510005 0.262938160352 0.356612214633
37 : 0 10800.0 300.0 4.71844785466e-16 0.0 8.22578231226 0.262329588465 0.356612214633
38 : 0 11100.0 300.0 4.71844785466e-16 0.0 8.19563340979 0.261368105547 0.356612214633
39 : 0 11400.0 300.0 4.71844785466e-16 0.0 8.16548450328 0.260406622501 0.356612214633
40 : 0 11700.0 300.0 4.71844785466e-16 0.0 8.13533560081 0.259445139583 0.356612214633
41 : 0 12000.0 300.0 4.71844785466e-16 0.0 8.1051866943 0.258483656537 0.356612214633
42 : 0 12300.0 300.0 4.71844785466e-16 0.0 8.07503779184 0.257522173619 0.356612214633
43 : 0 12600.0 300.0 4.71844785466e-16 0.0 8.04488888532 0.256560690572 0.356612214633
44 : 0 12900.0 300.0 4.71844785466e-16 0.0 8.01473998286 0.255599207655 0.356612214633
45 : 0 13200.0 300.0 4.71844785466e-16 0.0 7.98459107635 0.254637724608 0.356612214633
46 : 0 13500.0 300.0 4.71844785466e-16 0.0 7.95444217388 0.253676241691 0.356612214633
47 : 0 13800.0 300.0 4.71844785466e-16 0.0 7.92429327141 0.252714758773 0.356612214633
48 : 0 14100.0 300.0 4.71844785466e-16 0.0 7.8941443649 0.251753275727 0.356612214633
49 : 0 14400.0 300.0 4.71844785466e-16 0.0 7.86399546243 0.250791792809 0.356612214633
50 : 0 14700.0 300.0 4.71844785466e-16 0.0 7.79043456485 0.248445851808 0.356612214633
51 : 0 15000.0 300.0 4.71844785466e-16 0.0 7.7168736752 0.24609991106 0.356612214633
52 : 0 15300.0 300.0 4.71844785466e-16 0.0 7.64331277568 0.243753969998 0.356612214633
53 : 0 15600.0 300.0 4.71844785466e-16 0.0 7.56975188603 0.24140802925 0.356612214633
54 : 0 15900.0 300.0 4.71844785466e-16 0.0 7.49619098651 0.239062088187 0.356612214633
55 : 0 16200.0 300.0 4.71844785466e-16 0.0 7.42263009686 0.23671614744 0.356612214633
56 : 0 16500.0 300.0 4.71844785466e-16 0.0 7.3490692072 0.234370206692 0.356612214633
57 : 0 16800.0 300.0 4.71844785466e-16 0.0 7.27550830768 0.232024265629 0.356612214633
58 : 0 17100.0 300.0 4.71844785466e-16 0.0 7.20194741803 0.229678324881 0.356612214633
59 : 0 17400.0 300.0 4.71844785466e-16 0.0 7.12838651851 0.227332383819 0.356612214633
60 : 0 17700.0 300.0 4.71844785466e-16 0.0 7.05482562886 0.224986443071 0.356612214633
61 : 0 18000.0 300.0 4.71844785466e-16 0.0 6.98126472949 0.222640502013 0.356612214633
62 : 0 18300.0 300.0 4.71844785466e-16 0.0 6.91115890762 0.220404747321 0.356612214633
63 : 0 18600.0 300.0 4.71844785466e-16 0.0 6.84105307634 0.218168992329 0.356612214633
64 : 0 18900.0 300.0 4.71844785466e-16 0.0 6.77094725446 0.215933237637 0.356612214633
65 : 0 19200.0 300.0 4.71844785466e-16 0.0 6.70084143259 0.213697482944 0.356612214633
66 : 0 19500.0 300.0 4.71844785466e-16 0.0 6.63073560131 0.211461727952 0.356612214633
67 : 0 19800.0 300.0 4.71844785466e-16 0.0 6.56062977943 0.20922597326 0.356612214633
68 : 0 20100.0 300.0 4.71844785466e-16 0.0 6.49052394816 0.206990218268 0.356612214633
69 : 0 20400.0 300.0 4.71844785466e-16 0.0 6.42041812628 0.204754463576 0.356612214633
70 : 0 20700.0 300.0 4.71844785466e-16 0.0 6.350312295 0.202518708584 0.356612214633
71 : 0 21000.0 300.0 4.71844785466e-16 0.0 6.28020647313 0.200282953892 0.356612214633
72 : 0 21300.0 300.0 4.71844785466e-16 0.0 6.21010064185 0.1980471989 0.356612214633
73 : 0 21600.0 300.0 4.71844785466e-16 0.0 6.13999481997 0.195811444207 0.356612214633
74 : 0 21900.0 300.0 4.71844785466e-16 0.0 6.06809765426 0.193518561515 0.356612214633
75 : 0 22200.0 300.0 4.71844785466e-16 0.0 5.9962004789 0.191225678515 0.356612214633
76 : 0 22500.0 300.0 4.71844785466e-16 0.0 5.92430331319 0.188932795823 0.356612214633
77 : 0 22800.0 300.0 4.71844785466e-16 0.0 5.85240613783 0.186639912824 0.356612214633
78 : 0 23100.0 300.0 4.71844785466e-16 0.0 5.78050897212 0.184347030131 0.356612214633
79 : 0 23400.0 300.0 4.71844785466e-16 0.0 5.70861179676 0.182054147132 0.356612214633
80 : 0 23700.0 300.0 4.71844785466e-16 0.0 5.63671463105 0.179761264439 0.356612214633
81 : 0 24000.0 300.0 4.71844785466e-16 0.0 5.56481745569 0.17746838144 0.356612214633
82 : 0 24300.0 300.0 4.71844785466e-16 0.0 5.49292028997 0.175175498748 0.356612214633
83 : 0 24600.0 300.0 4.71844785466e-16 0.0 5.42102312426 0.172882616055 0.356612214633
84 : 0 24900.0 300.0 4.71844785466e-16 0.0 5.3491259489 0.170589733056 0.356612214633
85 : 0 25200.0 300.0 4.71844785466e-16 0.0 5.27722878319 0.168296850363 0.356612214633
86 : 0 25500.0 300.0 4.71844785466e-16 0.0 5.23139084149 0.166835026074 0.356612214633
87 : 0 25800.0 300.0 4.71844785466e-16 0.0 5.18555290711 0.165373202018 0.356612214633
88 : 0 26100.0 300.0 4.71844785466e-16 0.0 5.13971496658 0.163911377766 0.356612214633
89 : 0 26400.0 300.0 4.71844785466e-16 0.0 5.0938770322 0.16244955371 0.356612214633
90 : 0 26700.0 300.0 4.71844785466e-16 0.0 5.04803909167 0.160987729458 0.356612214633
91 : 0 27000.0 300.0 4.71844785466e-16 0.0 5.00220115728 0.159525905403 0.356612214633
92 : 0 27300.0 300.0 4.71844785466e-16 0.0 4.9563632229 0.158064081347 0.356612214633
93 : 0 27600.0 300.0 4.71844785466e-16 0.0 4.91052528237 0.156602257095 0.356612214633
94 : 0 27900.0 300.0 4.71844785466e-16 0.0 4.86468734798 0.155140433039 0.356612214633
95 : 0 28200.0 300.0 4.71844785466e-16 0.0 4.81884940745 0.153678608787 0.356612214633
96 : 0 28500.0 300.0 4.71844785466e-16 0.0 4.77301147307 0.152216784731 0.356612214633
97 : 0 28800.0 300.0 4.71844785466e-16 0.0 4.72717353667 0.150754960611 0.356612214633
98 : 0 29100.0 300.0 4.71844785466e-16 0.0 4.77384333303 0.152243313695 0.356612214633
99 : 0 29400.0 300.0 4.71844785466e-16 0.0 4.82051313564 0.153731666978 0.356612214633
100 : 0 29700.0 300.0 4.71844785466e-16 0.0 4.86718293199 0.155220020062 0.356612214633
101 : 0 30000.0 300.0 4.71844785466e-16 0.0 4.91385272835 0.156708373146 0.356612214633
102 : 0 30300.0 300.0 4.71844785466e-16 0.0 4.96052253096 0.158196726429 0.356612214633
103 : 0 30600.0 300.0 4.71844785466e-16 0.0 5.00719232731 0.159685079513 0.356612214633
104 : 0 30900.0 300.0 4.71844785466e-16 0.0 5.05386212992 0.161173432796 0.356612214633
105 : 0 31200.0 300.0 4.71844785466e-16 0.0 5.10053192628 0.16266178588 0.356612214633
106 : 0 31500.0 300.0 4.71844785466e-16 0.0 5.14720172889 0.164150139163 0.356612214633
107 : 0 31800.0 300.0 4.71844785466e-16 0.0 5.19387152524 0.165638492247 0.356612214633
108 : 0 32100.0 300.0 4.71844785466e-16 0.0 5.24054132785 0.16712684553 0.356612214633
109 : 0 32400.0 300.0 4.71844785466e-16 0.0 5.28721112421 0.168615198614 0.356612214633
110 : 0 32700.0 300.0 4.71844785466e-16 0.0 5.07766420864 0.161932508259 0.356612214633
111 : 0 33000.0 300.0 4.71844785466e-16 0.0 4.86811726497 0.155249817007 0.356612214633
112 : 0 33300.0 300.0 4.71844785466e-16 0.0 4.6585703494 0.148567126652 0.356612214633
113 : 0 33600.0 300.0 4.71844785466e-16 0.0 4.44902340573 0.1418844354 0.356612214633
114 : 0 33900.0 300.0 4.71844785466e-16 0.0 4.23947649017 0.135201745044 0.356612214633
115 : 0 34200.0 300.0 4.71844785466e-16 0.0 4.0299295465 0.128519053793 0.356612214633
116 : 0 34500.0 300.0 4.71844785466e-16 0.0 3.82038263093 0.121836363437 0.356612214633
117 : 0 34800.0 300.0 4.71844785466e-16 0.0 3.61083568726 0.115153672185 0.356612214633
118 : 0 35100.0 300.0 4.71844785466e-16 0.0 3.4012887717 0.10847098183 0.356612214633
119 : 0 35400.0 300.0 4.71844785466e-16 0.0 3.19174185613 0.101788291474 0.356612214633
120 : 0 35700.0 300.0 4.71844785466e-16 0.0 2.98219491246 0.0951056002225 0.356612214633
121 : 0 36000.0 300.0 4.71844785466e-16 0.0 2.77264799689 0.088422909867 0.356612214633
122 : 0 36300.0 300.0 4.71844785466e-16 0.0 2.65836794499 0.08477838855 0.356612214633
123 : 0 36600.0 300.0 4.71844785466e-16 0.0 2.54408791267 0.0811338678576 0.356612214633
124 : 0 36900.0 300.0 4.71844785466e-16 0.0 2.42980786502 0.0774893466764 0.356612214633
125 : 0 37200.0 300.0 4.71844785466e-16 0.0 2.3155278327 0.073844825984 0.356612214633
126 : 0 37500.0 300.0 4.71844785466e-16 0.0 2.20124778506 0.0702003048029 0.356612214633
127 : 0 37800.0 300.0 4.71844785466e-16 0.0 2.08696775274 0.0665557841105 0.356612214633
128 : 0 38100.0 300.0 4.71844785466e-16 0.0 1.97268772042 0.062911263418 0.356612214633
129 : 0 38400.0 300.0 4.71844785466e-16 0.0 1.85840767277 0.0592667422369 0.356612214633
130 : 0 38700.0 300.0 4.71844785466e-16 0.0 1.74412764045 0.0556222215445 0.356612214633
131 : 0 39000.0 300.0 4.71844785466e-16 0.0 1.6298475928 0.0519777003633 0.356612214633
132 : 0 39300.0 300.0 4.71844785466e-16 0.0 1.51556756048 0.0483331796709 0.356612214633
133 : 0 39600.0 300.0 4.71844785466e-16 0.0 1.40128752205 0.0446886587835 0.356612214633
134 : 0 39900.0 300.0 4.71844785466e-16 0.0 1.49309933752 0.0476166423909 0.356612214633
135 : 0 40200.0 300.0 4.71844785466e-16 0.0 1.5849111653 0.050544626391 0.356612214633
136 : 0 40500.0 300.0 4.71844785466e-16 0.0 1.67672298077 0.0534726099983 0.356612214633
137 : 0 40800.0 300.0 4.71844785466e-16 0.0 1.76853479624 0.0564005936057 0.356612214633
138 : 0 41100.0 300.0 4.71844785466e-16 0.0 1.86034662402 0.0593285776058 0.356612214633
139 : 0 41400.0 300.0 4.71844785466e-16 0.0 1.95215843949 0.0622565612131 0.356612214633
140 : 0 41700.0 300.0 4.71844785466e-16 0.0 2.04397026727 0.0651845452132 0.356612214633
141 : 0 42000.0 300.0 4.71844785466e-16 0.0 2.13578208274 0.0681125288206 0.356612214633
142 : 0 42300.0 300.0 4.71844785466e-16 0.0 2.22759391052 0.0710405128206 0.356612214633
143 : 0 42600.0 300.0 4.71844785466e-16 0.0 2.31940572599 0.073968496428 0.356612214633
144 : 0 42900.0 300.0 4.71844785466e-16 0.0 2.41121755377 0.0768964804281 0.356612214633
145 : 0 43200.0 300.0 4.71844785466e-16 0.0 2.50302936924 0.0798244640354 0.356612214633
146 : 0 43500.0 300.0 4.71844785466e-16 0.0 2.55405240333 0.0814516468403 0.356612214633
147 : 0 43800.0 300.0 4.71844785466e-16 0.0 2.60507544427 0.0830788298634 0.356612214633
148 : 0 44100.0 300.0 4.71844785466e-16 0.0 2.65609847836 0.0847060126683 0.356612214633
149 : 0 44400.0 300.0 4.71844785466e-16 0.0 2.70712151929 0.0863331956915 0.356612214633
150 : 0 44700.0 300.0 4.71844785466e-16 0.0 2.75814455338 0.0879603784963 0.356612214633
151 : 0 45000.0 300.0 4.71844785466e-16 0.0 2.80916759432 0.0895875615195 0.356612214633
152 : 0 45300.0 300.0 4.71844785466e-16 0.0 2.86019062841 0.0912147443244 0.356612214633
153 : 0 45600.0 300.0 4.71844785466e-16 0.0 2.91121366934 0.0928419273475 0.356612214633
154 : 0 45900.0 300.0 4.71844785466e-16 0.0 2.96223670343 0.0944691101524 0.356612214633
155 : 0 46200.0 300.0 4.71844785466e-16 0.0 3.01325973752 0.0960962929573 0.356612214633
156 : 0 46500.0 300.0 4.71844785466e-16 0.0 3.06428277846 0.0977234759804 0.356612214633
157 : 0 46800.0 300.0 4.71844785466e-16 0.0 3.11530581255 0.0993506587853 0.356612214633
158 : 0 47100.0 300.0 4.71844785466e-16 0.0 3.16031355663 0.100786007125 0.356612214633
159 : 0 47400.0 300.0 4.71844785466e-16 0.0 3.2053212944 0.102221355263 0.356612214633
160 : 0 47700.0 300.0 4.71844785466e-16 0.0 3.25032903821 0.103656703594 0.356612214633
161 : 0 48000.0 300.0 4.71844785466e-16 0.0 3.29533677598 0.105092051732 0.356612214633
162 : 0 48300.0 300.0 4.71844785466e-16 0.0 3.3403445198 0.106527400063 0.356612214633
163 : 0 48600.0 300.0 4.71844785466e-16 0.0 3.38535225757 0.107962748201 0.356612214633
164 : 0 48900.0 300.0 4.71844785466e-16 0.0 3.43035999534 0.10939809634 0.356612214633
165 : 0 49200.0 300.0 4.71844785466e-16 0.0 3.47536773915 0.11083344467 0.356612214633
166 : 0 49500.0 300.0 4.71844785466e-16 0.0 3.52037547693 0.112268792809 0.356612214633
167 : 0 49800.0 300.0 4.71844785466e-16 0.0 3.56538322074 0.113704141139 0.356612214633
168 : 0 50100.0 300.0 4.71844785466e-16 0.0 3.61039095851 0.115139489278 0.356612214633
169 : 0 50400.0 300.0 4.71844785466e-16 0.0 3.65539871192 0.116574837915 0.356612214633
170 : 0 50700.0 300.0 4.71844785466e-16 0.0 3.91507215698 0.12485612052 0.356612214633
171 : 0 51000.0 300.0 4.71844785466e-16 0.0 4.17474563686 0.133137404236 0.356612214633
172 : 0 51300.0 300.0 4.71844785466e-16 0.0 4.43441908192 0.141418686841 0.356612214633
173 : 0 51600.0 300.0 4.71844785466e-16 0.0 4.69409252698 0.149699969446 0.356612214633
174 : 0 51900.0 300.0 4.71844785466e-16 0.0 4.95376600686 0.157981253162 0.356612214633
175 : 0 52200.0 300.0 4.71844785466e-16 0.0 5.21343945192 0.166262535768 0.356612214633
176 : 0 52500.0 300.0 4.71844785466e-16 0.0 5.4731129318 0.174543819483 0.356612214633
177 : 0 52800.0 300.0 4.71844785466e-16 0.0 5.73278637686 0.182825102089 0.356612214633
178 : 0 53100.0 300.0 4.71844785466e-16 0.0 5.99245985674 0.191106385805 0.356612214633
179 : 0 53400.0 300.0 4.71844785466e-16 0.0 6.2521333018 0.19938766841 0.356612214633
180 : 0 53700.0 300.0 4.71844785466e-16 0.0 6.51180678169 0.207668952126 0.356612214633
181 : 0 54000.0 300.0 4.71844785466e-16 0.0 6.77148022674 0.215950234731 0.356612214633
182 : 0 54300.0 300.0 4.71844785466e-16 0.0 6.87276074095 0.21918018595 0.356612214633
183 : 0 54600.0 300.0 4.71844785466e-16 0.0 6.97404126873 0.222410137603 0.356612214633
184 : 0 54900.0 300.0 4.71844785466e-16 0.0 7.07532178293 0.225640088823 0.356612214633
185 : 0 55200.0 300.0 4.71844785466e-16 0.0 7.17660231072 0.228870040475 0.356612214633
186 : 0 55500.0 300.0 4.71844785466e-16 0.0 7.27788282492 0.232099991695 0.356612214633
187 : 0 55800.0 300.0 4.71844785466e-16 0.0 7.37916335271 0.235329943347 0.356612214633
188 : 0 56100.0 300.0 4.71844785466e-16 0.0 7.48044386691 0.238559894567 0.356612214633
189 : 0 56400.0 300.0 4.71844785466e-16 0.0 7.5817243947 0.241789846219 0.356612214633
190 : 0 56700.0 300.0 4.71844785466e-16 0.0 7.6830049089 0.245019797439 0.356612214633
191 : 0 57000.0 300.0 4.71844785466e-16 0.0 7.7842854231 0.248249748658 0.356612214633
192 : 0 57300.0 300.0 4.71844785466e-16 0.0 7.88556595089 0.251479700311 0.356612214633
193 : 0 57600.0 300.0 4.71844785466e-16 0.0 7.98684646509 0.25470965153 0.356612214633
194 : 0 57900.0 300.0 4.71844785466e-16 0.0 8.29056653237 0.264395631202 0.356612214633
195 : 0 58200.0 300.0 4.71844785466e-16 0.0 8.59428656798 0.274081609863 0.356612214633
196 : 0 58500.0 300.0 4.71844785466e-16 0.0 8.89800664431 0.283767589823 0.356612214633
197 : 0 58800.0 300.0 4.71844785466e-16 0.0 9.20172667992 0.293453568484 0.356612214633
198 : 0 59100.0 300.0 4.71844785466e-16 0.0 9.50544675625 0.303139548445 0.356612214633
199 : 0 59400.0 300.0 4.71844785466e-16 0.0 9.80916679186 0.312825527106 0.356612214633
200 : 0 59700.0 300.0 4.71844785466e-16 0.0 10.1128868275 0.322511505767 0.356612214633
201 : 0 60000.0 300.0 4.71844785466e-16 0.0 10.4166069038 0.332197485727 0.356612214633
202 : 0 60300.0 300.0 4.71844785466e-16 0.0 10.7203269394 0.341883464388 0.356612214633
203 : 0 60600.0 300.0 4.71844785466e-16 0.0 11.0240470157 0.351569444349 0.356612214633
204 : 0 60900.0 300.0 4.71844785466e-16 0.0 11.3277670513 0.36125542301 0.356612214633
205 : 0 61200.0 300.0 4.71844785466e-16 0.0 11.6314871287 0.370941403002 0.356612214633
206 : 0 61500.0 300.0 4.71844785466e-16 0.0 11.9577433545 0.381346086496 0.356612214633
207 : 0 61800.0 300.0 4.71844785466e-16 0.0 12.283999624 0.391750771385 0.356612214633
208 : 0 62100.0 300.0 4.71844785466e-16 0.0 12.6102558498 0.402155454879 0.356612214633
209 : 0 62400.0 300.0 4.71844785466e-16 0.0 12.9365120757 0.412560138373 0.356612214633
210 : 0 62700.0 300.0 4.71844785466e-16 0.0 13.2627683452 0.422964823263 0.356612214633
211 : 0 63000.0 300.0 4.71844785466e-16 0.0 13.589024571 0.433369506757 0.356612214633
212 : 0 63300.0 300.0 4.71844785466e-16 0.0 13.9152808406 0.443774191646 0.356612214633
213 : 0 63600.0 300.0 4.71844785466e-16 0.0 14.2415370664 0.45417887514 0.356612214633
214 : 0 63900.0 300.0 4.71844785466e-16 0.0 14.5677933359 0.46458356003 0.356612214633
215 : 0 64200.0 300.0 4.71844785466e-16 0.0 14.8940495618 0.474988243524 0.356612214633
216 : 0 64500.0 300.0 4.71844785466e-16 0.0 15.2203058313 0.485392928413 0.356612214633
217 : 0 64800.0 300.0 4.71844785466e-16 0.0 15.5465620571 0.495797611907 0.356612214633
218 : 0 65100.0 300.0 4.71844785466e-16 0.0 15.6130785299 0.497918898158 0.356612214633
219 : 0 65400.0 300.0 4.71844785466e-16 0.0 15.6795950115 0.500040184694 0.356612214633
220 : 0 65700.0 300.0 4.71844785466e-16 0.0 15.7461114843 0.502161470945 0.356612214633
221 : 0 66000.0 300.0 4.71844785466e-16 0.0 15.812627966 0.504282757481 0.356612214633
222 : 0 66300.0 300.0 4.71844785466e-16 0.0 15.8791444387 0.506404043732 0.356612214633
223 : 0 66600.0 300.0 4.71844785466e-16 0.0 15.9456609204 0.508525330268 0.356612214633
224 : 0 66900.0 300.0 4.71844785466e-16 0.0 16.0121773932 0.510646616519 0.356612214633
225 : 0 67200.0 300.0 4.71844785466e-16 0.0 16.0786938749 0.512767903055 0.356612214633
226 : 0 67500.0 300.0 4.71844785466e-16 0.0 16.1452103476 0.514889189306 0.356612214633
227 : 0 67800.0 300.0 4.71844785466e-16 0.0 16.2117268204 0.517010475557 0.356612214633
228 : 0 68100.0 300.0 4.71844785466e-16 0.0 16.278243302 0.519131762093 0.356612214633
229 : 0 68400.0 300.0 4.71844785466e-16 0.0 16.3447597748 0.521253048344 0.356612214633
230 : 0 68700.0 300.0 4.71844785466e-16 0.0 16.3854805894 0.52255168161 0.356612214633
231 : 0 69000.0 300.0 4.71844785466e-16 0.0 16.4262013975 0.523850314664 0.356612214633
232 : 0 69300.0 300.0 4.71844785466e-16 0.0 16.466922211 0.525148947893 0.356612214633
233 : 0 69600.0 300.0 4.71844785466e-16 0.0 16.507643019 0.526447580948 0.356612214633
234 : 0 69900.0 300.0 4.71844785466e-16 0.0 16.5483638325 0.527746214177 0.356612214633
235 : 0 70200.0 300.0 4.71844785466e-16 0.0 16.5890846405 0.529044847232 0.356612214633
236 : 0 70500.0 300.0 4.71844785466e-16 0.0 16.6298054485 0.530343480286 0.356612214633
237 : 0 70800.0 300.0 4.71844785466e-16 0.0 16.670526262 0.531642113515 0.356612214633
238 : 0 71100.0 300.0 4.71844785466e-16 0.0 16.71124707 0.53294074657 0.356612214633
239 : 0 71400.0 300.0 4.71844785466e-16 0.0 16.7519678835 0.534239379799 0.356612214633
240 : 0 71700.0 300.0 4.71844785466e-16 0.0 16.7926886916 0.535538012853 0.356612214633
241 : 0 72000.0 300.0 4.71844785466e-16 0.0 16.8334095041 0.536836646053 0.356612214633
242 : 0 72300.0 300.0 4.71844785466e-16 0.0 16.8533871311 0.537473755385 0.356612214633
243 : 0 72600.0 300.0 4.71844785466e-16 0.0 16.8733647608 0.538110864803 0.356612214633
244 : 0 72900.0 300.0 4.71844785466e-16 0.0 16.8933423879 0.538747974135 0.356612214633
245 : 0 73200.0 300.0 4.71844785466e-16 0.0 16.9133200149 0.539385083467 0.356612214633
246 : 0 73500.0 300.0 4.71844785466e-16 0.0 16.9332976446 0.540022192885 0.356612214633
247 : 0 73800.0 300.0 4.71844785466e-16 0.0 16.9532752716 0.540659302217 0.356612214633
248 : 0 74100.0 300.0 4.71844785466e-16 0.0 16.9732529013 0.541296411634 0.356612214633
249 : 0 74400.0 300.0 4.71844785466e-16 0.0 16.9932305283 0.541933520967 0.356612214633
250 : 0 74700.0 300.0 4.71844785466e-16 0.0 17.013208158 0.542570630384 0.356612214633
251 : 0 75000.0 300.0 4.71844785466e-16 0.0 17.0331857851 0.543207739716 0.356612214633
252 : 0 75300.0 300.0 4.71844785466e-16 0.0 17.0531634148 0.543844849134 0.356612214633
253 : 0 75600.0 300.0 4.71844785466e-16 0.0 17.0731410418 0.544481958466 0.356612214633
254 : 0 75900.0 300.0 4.71844785466e-16 0.0 17.0723091798 0.544455429438 0.356612214633
255 : 0 76200.0 300.0 4.71844785466e-16 0.0 17.0714773177 0.544428900407 0.356612214633
256 : 0 76500.0 300.0 4.71844785466e-16 0.0 17.0706454558 0.544402371379 0.356612214633
257 : 0 76800.0 300.0 4.71844785466e-16 0.0 17.0698135937 0.544375842348 0.356612214633
258 : 0 77100.0 300.0 4.71844785466e-16 0.0 17.0689817317 0.54434931332 0.356612214633
259 : 0 77400.0 300.0 4.71844785466e-16 0.0 17.0681498696 0.544322784288 0.356612214633
260 : 0 77700.0 300.0 4.71844785466e-16 0.0 17.0673180077 0.544296255261 0.356612214633
261 : 0 78000.0 300.0 4.71844785466e-16 0.0 17.0664861456 0.544269726229 0.356612214633
262 : 0 78300.0 300.0 4.71844785466e-16 0.0 17.0656542836 0.544243197201 0.356612214633
263 : 0 78600.0 300.0 4.71844785466e-16 0.0 17.0648224217 0.544216668173 0.356612214633
264 : 0 78900.0 300.0 4.71844785466e-16 0.0 17.0639905596 0.544190139142 0.356612214633
265 : 0 79200.0 300.0 4.71844785466e-16 0.0 17.0631586976 0.544163610114 0.356612214633
266 : 0 79500.0 300.0 4.71844785466e-16 0.0 17.0146958877 0.542618075781 0.356612214633
267 : 0 79800.0 300.0 4.71844785466e-16 0.0 16.9662330821 0.541072541587 0.356612214633
268 : 0 80100.0 300.0 4.71844785466e-16 0.0 16.9177702701 0.539527007185 0.356612214633
269 : 0 80400.0 300.0 4.71844785466e-16 0.0 16.8693074645 0.537981472991 0.356612214633
270 : 0 80700.0 300.0 4.71844785466e-16 0.0 16.8208446525 0.53643593859 0.356612214633
271 : 0 81000.0 300.0 4.71844785466e-16 0.0 16.7723818469 0.534890404396 0.356612214633
272 : 0 81300.0 300.0 4.71844785466e-16 0.0 16.7239190414 0.533344870202 0.356612214633
273 : 0 81600.0 300.0 4.71844785466e-16 0.0 16.6754562293 0.531799335801 0.356612214633
274 : 0 81900.0 300.0 4.71844785466e-16 0.0 16.6269934238 0.530253801607 0.356612214633
275 : 0 82200.0 300.0 4.71844785466e-16 0.0 16.5785306117 0.528708267205 0.356612214633
276 : 0 82500.0 300.0 4.71844785466e-16 0.0 16.5300678062 0.527162733011 0.356612214633
277 : 0 82800.0 300.0 4.71844785466e-16 0.0 16.4816049858 0.525617198343 0.356612214633
278 : 0 83100.0 300.0 4.71844785466e-16 0.0 16.2462607401 0.518111801681 0.356612214633
279 : 0 83400.0 300.0 4.71844785466e-16 0.0 16.0109164629 0.510606404012 0.356612214633
280 : 0 83700.0 300.0 4.71844785466e-16 0.0 15.7755722172 0.50310100735 0.356612214633
281 : 0 84000.0 300.0 4.71844785466e-16 0.0 15.5402279716 0.495595610688 0.356612214633
282 : 0 84300.0 300.0 4.71844785466e-16 0.0 15.3048836943 0.488090213019 0.356612214633
283 : 0 84600.0 300.0 4.71844785466e-16 0.0 15.0695394487 0.480584816357 0.356612214633
284 : 0 84900.0 300.0 4.71844785466e-16 0.0 14.8341951715 0.473079418688 0.356612214633
285 : 0 85200.0 300.0 4.71844785466e-16 0.0 14.5988509258 0.465574022026 0.356612214633
286 : 0 85500.0 300.0 4.71844785466e-16 0.0 14.3635066486 0.458068624357 0.356612214633
287 : 0 85800.0 300.0 4.71844785466e-16 0.0 14.1281624029 0.450563227695 0.356612214633
288 : 0 86100.0 300.0 4.71844785466e-16 0.0 13.8928181257 0.443057830026 0.356612214633
289 : 0 86400.0 300.0 4.71844785466e-16 0.0 13.63673348 0.434885864042 0.356612214633
290 : 0 86700.0 300.0 4.71844785466e-16 0.0 13.4316061102 0.428344195276 0.356612214633
 
